1.0,0.0,0.0,0.0,1.0,0.0,0.0,0.0,1.0,0.0,0.0,0.5,0
1.0,0.0,0.0,0.0,1.0,0.0,0.0,0.0,1.0,3.8735655153968813e-07,0.0,0.5000001973325828,0
0.99999999998917,0.0,4.6540237859844505e-06,0.0,1.0,0.0,-4.6540237859844505e-06,0.0,0.99999999998917,3.083294413340901e-06,0.0,0.5000015707258529,0
0.9999999998778787,0.0,1.5628266891433623e-05,0.0,1.0,0.0,-1.5628266891433623e-05,0.0,0.9999999998778787,1.0353768031517935e-05,0.0,0.5000052744591705,0
0.9999999993207485,0.0,3.685787607280208e-05,0.0,1.0,0.0,-3.685787607280208e-05,0.0,0.9999999993207485,2.4418572145627448e-05,0.0,0.5000124390831704,0
0.999999997435003,0.0,7.162397686814536e-05,0.0,1.0,0.0,-7.162397686814536e-05,0.0,0.999999997435003,4.7451750361631306e-05,0.0,0.5000241713928825,0
0.9999999924184135,0.0,0.0001231388359056714,0.0,1.0,0.0,-0.0001231388359056714,0.0,0.9999999924184135,8.158203757294084e-05,0.0,0.5000415543343171,0
0.9999999810758617,0.0,0.0001945463339567473,0.0,1.0,0.0,-0.0001945463339567473,0.0,0.9999999810758617,0.00012889333314300666,0.0,0.5000656468504688,0
0.9999999582619113,0.0,0.0002889224387679105,0.0,1.0,0.0,-0.0002889224387679105,0.0,0.9999999582619113,0.00019142520228866073,0.0,0.5000974836716005,0
0.9999999162467064,0.0,0.00040927567753162804,0.0,1.0,0.0,-0.00040927567753162804,0.0,0.9999999162467064,0.000271173403101305,0.0,0.5001380750546099,0
0.9999998440122722,0.0,0.000558547608811175,0.0,1.0,0.0,-0.000558547608811175,0.0,0.9999998440122722,0.0003700904366955514,0.0,0.5001884064761041,0
0.9999997264860505,0.0,0.0007396132936878413,0.0,1.0,0.0,-0.0007396132936878413,0.0,0.9999997264860505,0.0004900861180261475,0.0,0.5002494382836281,0
0.9999995437182698,0.0,0.0009552817658497738,0.0,1.0,0.0,-0.0009552817658497738,0.0,0.9999995437182698,0.0006330281649594098,0.0,0.5003221053093281,0
0.9999992700095173,0.0,0.0012082965002921237,0.0,1.0,0.0,-0.0012082965002921237,0.0,0.9999992700095173,0.0008007428032314529,0.0,0.5004073164501538,0
0.9999988729946523,0.0,0.001501335880248632,0.0,1.0,0.0,-0.001501335880248632,0.0,0.9999988729946523,0.0009950153849695715,0.0,0.500505954218541,0
0.9999983126889794,0.0,0.0018370136619262213,0.0,1.0,0.0,-0.0018370136619262213,0.0,0.9999983126889794,0.0012175910184955643,0.0,0.500618874267349,0
0.9999975405023779,0.0,0.0022178794365672358,0.0,1.0,0.0,-0.0022178794365672358,0.0,0.9999975405023779,0.0014701752071732594,0.0,0.5007469048926668,0
0.9999964982268706,0.0,0.002646419089319325,0.0,1.0,0.0,-0.002646419089319325,0.0,0.9999964982268706,0.0017544344951052105,0.0,0.500890846517947,0
0.9999951170029068,0.0,0.0031250552543512582,0.0,1.0,0.0,-0.0031250552543512582,0.0,0.9999951170029068,0.002071997117526672,0.0,0.5010514711627693,0
0.9999933162694219,0.0,0.003656147765614541,0.0,1.0,0.0,-0.003656147765614541,0.0,0.9999933162694219,0.002424453653789744,0.0,0.501229521899387,0
0.999991002702541,0.0,0.0042419941026162105,0.0,1.0,0.0,-0.0042419941026162105,0.0,0.999991002702541,0.002813357680875638,0.0,0.5014257123000664,0
0.9999880691475908,0.0,0.004884829830537778,0.0,1.0,0.0,-0.004884829830537778,0.0,0.9999880691475908,0.0032402264254193995,0.0,0.5016407258780854,0
0.9999843935488917,0.0,0.00558682903400953,0.0,1.0,0.0,-0.00558682903400953,0.0,0.9999843935488917,0.0037065414122803716,0.0,0.5018752155251189,0
0.9999798378816157,0.0,0.006350104743828272,0.0,1.0,0.0,-0.006350104743828272,0.0,0.9999798378816157,0.004213749107740929,0.0,0.5021298029476124,0
0.9999742470898043,0.0,0.0071767093558906475,0.0,1.0,0.0,-0.0071767093558906475,0.0,0.9999742470898043,0.004763261555468599,0.0,0.5024050781046084,0
0.9999674480344675,0.0,0.00806863504160318,0.0,1.0,0.0,-0.00806863504160318,0.0,0.9999674480344675,0.005356457003429338,0.0,0.5027015986493758,0
0.9999592484555011,0.0,0.009027814149024739,0.0,1.0,0.0,-0.009027814149024739,0.0,0.9999592484555011,0.005994680519997268,0.0,0.5030198893770653,0
0.9999494359509941,0.0,0.010056119593996767,0.0,1.0,0.0,-0.010056119593996767,0.0,0.9999494359509941,0.006679244597562364,0.0,0.5033604416805074,0
0.999937776977323,0.0,0.011155365240521891,0.0,1.0,0.0,-0.011155365240521891,0.0,0.999937776977323,0.0074114297419992405,0.0,0.5037237130161526,0
0.9999240158732732,0.0,0.012327306269662127,0.0,1.0,0.0,-0.012327306269662127,0.0,0.9999240158732732,0.008192485046421462,0.0,0.5041101263820544,0
0.9999078739112619,0.0,0.013573639536243853,0.0,1.0,0.0,-0.013573639536243853,0.0,0.9999078739112619,0.009023628747710663,0.0,0.5045200698096933,0
0.9998890483785856,0.0,0.014896003912678086,0.0,1.0,0.0,-0.014896003912678086,0.0,0.9998890483785856,0.009906048764376589,0.0,0.5049538958713419,0
0.9998672116914614,0.0,0.016295980619230988,0.0,1.0,0.0,-0.016295980619230988,0.0,0.9998672116914614,0.010840903214372298,0.0,0.5054119212045837,0
0.9998420105444861,0.0,0.01777509354011146,0.0,1.0,0.0,-0.01777509354011146,0.0,0.9998420105444861,0.011829320911559795,0.0,0.5058944260555096,0
0.9998130650979915,0.0,0.01933480952477896,0.0,1.0,0.0,-0.01933480952477896,0.0,0.9998130650979915,0.01287240183959393,0.0,0.5064016538420323,0
0.9997799682056355,0.0,0.020976538673916422,0.0,1.0,0.0,-0.020976538673916422,0.0,0.9997799682056355,0.013971217602067643,0.0,0.5069338107386804,0
0.999742284684435,0.0,0.022701634609558995,0.0,1.0,0.0,-0.022701634609558995,0.0,0.999742284684435,0.015126811847836007,0.0,0.5074910652841643,0
0.9996995506293094,0.0,0.024511394728919934,0.0,1.0,0.0,-0.024511394728919934,0.0,0.9996995506293094,0.016340200670517547,0.0,0.5080735480129279,0
0.9996512727740802,0.0,0.026407060441509405,0.0,1.0,0.0,-0.026407060441509405,0.0,0.9996512727740802,0.017612372981247924,0.0,0.5086813511118375,0
0.9995969279007453,0.0,0.028389817389201166,0.0,1.0,0.0,-0.028389817389201166,0.0,0.9995969279007453,0.01894429085384424,0.0,0.5093145281030992,0
0.999535962298722,0.0,0.030460795648963576,0.0,1.0,0.0,-0.030460795648963576,0.0,0.999535962298722,0.020336889841619698,0.0,0.5099730935544285,0
0.9994677912756381,0.0,0.032621069918038,0.0,1.0,0.0,-0.032621069918038,0.0,0.9994677912756381,0.021791079265172313,0.0,0.5106570228174481,0
0.9993917987211339,0.0,0.034871659681416305,0.0,1.0,0.0,-0.034871659681416305,0.0,0.9993917987211339,0.023307742470555604,0.0,0.5113662517952292,0
0.9993073367250226,0.0,0.03721352936154095,0.0,1.0,0.0,-0.03721352936154095,0.0,0.9993073367250226,0.024887737057325762,0.0,0.5121006767398475,0
0.9992137252510503,0.0,0.039647588450226076,0.0,1.0,0.0,-0.039647588450226076,0.0,0.9992137252510503,0.026531895076045284,0.0,0.5128601540807721,0
0.999110251867388,0.0,0.04217469162287415,0.0,1.0,0.0,-0.04217469162287415,0.0,0.999110251867388,0.02824102319491068,0.0,0.5136445002848645,0
0.9989961715348821,0.0,0.044795638835142954,0.0,1.0,0.0,-0.044795638835142954,0.0,0.9989961715348821,0.03001590283525952,0.0,0.5144534917487201,0
0.9988707064539896,0.0,0.047511175402296296,0.0,1.0,0.0,-0.047511175402296296,0.0,0.9988707064539896,0.031857290275799824,0.0,0.5152868647240431,0
0.9987330459712228,0.0,0.050321992061555805,0.0,1.0,0.0,-0.050321992061555805,0.0,0.9987330459712228,0.03376591672549303,0.0,0.5161443152767102,0
0.9985823465458288,0.0,0.0532287250178533,0.0,1.0,0.0,-0.0532287250178533,0.0,0.9985823465458288,0.0357424883651106,0.0,0.5170254992801371,0
0.9984177317773348,0.0,0.056231955973467,0.0,1.0,0.0,-0.056231955973467,0.0,0.9984177317773348,0.03778768635757138,0.0,0.5179300324435294,0
0.9982382924944944,0.0,0.0593322121421101,0.0,1.0,0.0,-0.0593322121421101,0.0,0.9982382924944944,0.03990216682725609,0.0,0.5188574903755647,0
0.9980430869060757,0.0,0.06252996624812386,0.0,1.0,0.0,-0.06252996624812386,0.0,0.9980430869060757,0.04208656080858152,0.0,0.519807408684017,0
0.9978311408138424,0.0,0.0658256365115129,0.0,1.0,0.0,-0.0658256365115129,0.0,0.9978311408138424,0.04434147416420549,0.0,0.5207792831118062,0
0.9976014478879859,0.0,0.06921958661964313,0.0,1.0,0.0,-0.06921958661964313,0.0,0.9976014478879859,0.04666748747331834,0.0,0.5217725697099203,0
0.9973529700051781,0.0,0.07271212568650742,0.0,1.0,0.0,-0.07271212568650742,0.0,0.9973529700051781,0.049065155890563567,0.0,0.5227866850476267,0
0.9970846376493268,0.0,0.0763035082005455,0.0,1.0,0.0,-0.0763035082005455,0.0,0.9970846376493268,0.05153500897621362,0.0,0.5238210064603631,0
0.9967953503750253,0.0,0.07999393396208546,0.0,1.0,0.0,-0.07999393396208546,0.0,0.9967953503750253,0.05407755049831057,0.0,0.5248748723356581,0
0.9964839773336025,0.0,0.08378354801155422,0.0,1.0,0.0,-0.08378354801155422,0.0,0.9964839773336025,0.05669325820756382,0.0,0.5259475824374112,0
0.9961493578615923,0.0,0.08767244054968094,0.0,1.0,0.0,-0.08767244054968094,0.0,0.9961493578615923,0.05938258358587623,0.0,0.5270383982688223,0
0.9957903021313561,0.0,0.09166064685099305,0.0,1.0,0.0,-0.09166064685099305,0.0,0.9957903021313561,0.062145951569450214,0.0,0.5281465434742336,0
0.9954055918635044,0.0,0.09574814717197651,0.0,1.0,0.0,-0.09574814717197651,0.0,0.9954055918635044,0.06498376024750172,0.0,0.5292712042801138,0
0.9949939811006793,0.0,0.09993486665534297,0.0,1.0,0.0,-0.09993486665534297,0.0,0.9949939811006793,0.06789638053768547,0.0,0.5304115299753782,0
0.9945541970421744,0.0,0.1042206752319122,0.0,1.0,0.0,-0.1042206752319122,0.0,0.9945541970421744,0.07088415583940798,0.0,0.5315666334312109,0
0.9940849409387837,0.0,0.10860538752168282,0.0,1.0,0.0,-0.10860538752168282,0.0,0.9940849409387837,0.07394740166627535,0.0,0.5327355916605122,0
0.9935848890471831,0.0,0.11308876273572324,0.0,1.0,0.0,-0.11308876273572324,0.0,0.9935848890471831,0.07708640525899235,0.0,0.5339174464170654,0
0.9930526936430681,0.0,0.11767050458057275,0.0,1.0,0.0,-0.11767050458057275,0.0,0.9930526936430681,0.08030142518009396,0.0,0.5351112048344759,0
0.992486984092181,0.0,0.12235026116689299,0.0,1.0,0.0,-0.12235026116689299,0.0,0.992486984092181,0.08359269089195553,0.0,0.5363158401048963,0
0.9918863679782791,0.0,0.1271276249241601,0.0,1.0,0.0,-0.1271276249241601,0.0,0.9918863679782791,0.08696040231958688,0.0,0.5375302921975139,0
0.99124943228701,0.0,0.1320021325232301,0.0,1.0,0.0,-0.1320021325232301,0.0,0.99124943228701,0.09040472939977408,0.0,0.5387534686167342,0
0.9905747446445722,0.0,0.13697326480865024,0.0,1.0,0.0,-0.13697326480865024,0.0,0.9905747446445722,0.09392581161818767,0.0,0.5399842451999485,0
0.989860854609958,0.0,0.14204044674262178,0.0,1.0,0.0,-0.14204044674262178,0.0,0.989860854609958,0.09752375753612613,0.0,0.5412214669547321,0
0.989106295019488,0.0,0.14720304736255152,0.0,1.0,0.0,-0.14720304736255152,0.0,0.989106295019488,0.1011986443086132,0.0,0.542463948935272,0
0.988309583382262,0.0,0.15246037975414986,0.0,1.0,0.0,-0.15246037975414986,0.0,0.988309583382262,0.10495051719561087,0.0,0.5437104771577742,0
0.9874692233250679,0.0,0.1578117010420555,0.0,1.0,0.0,-0.1578117010420555,0.0,0.9874692233250679,0.10877938906815135,0.0,0.5449598095545513,0
0.9865837060852024,0.0,0.16325621239997865,0.0,1.0,0.0,-0.16325621239997865,0.0,0.9865837060852024,0.11268523991123003,0.0,0.5462106769664393,0
0.9856515120495776,0.0,0.1687930590823612,0.0,1.0,0.0,-0.1687930590823612,0.0,0.9856515120495776,0.11666801632533189,0.0,0.5474617841731421,0
0.9846711123383997,0.0,0.17442133047955666,0.0,1.0,0.0,-0.17442133047955666,0.0,0.9846711123383997,0.12072763102849642,0.0,0.5487118109610402,0
0.983640970431626,0.0,0.18014006019852719,0.0,1.0,0.0,-0.18014006019852719,0.0,0.983640970431626,0.1248639623608505,0.0,0.5499594132279552,0
0.982559543836322,0.0,0.18594822617104648,0.0,1.0,0.0,-0.18594822617104648,0.0,0.982559543836322,0.1290768537935596,0.0,0.5512032241242916,0
0.9814252857929598,0.0,0.19184475079138114,0.0,1.0,0.0,-0.19184475079138114,0.0,0.9814252857929598,0.13336611344416607,0.0,0.5524418552299271,0
0.9802366470186185,0.0,0.1978285010854008,0.0,1.0,0.0,-0.1978285010854008,0.0,0.9802366470186185,0.13773151360029431,0.0,0.5536738977661575,0
0.978992077484968,0.0,0.20389828891304204,0.0,1.0,0.0,-0.20389828891304204,0.0,0.978992077484968,0.14217279025371368,0.0,0.5548979238419429,0
0.9776900282288398,0.0,0.21005287120601432,0.0,1.0,0.0,-0.21005287120601432,0.0,0.9776900282288398,0.1466896426467511,0.0,0.5561124877336362,0
0.97632895319311,0.0,0.21629095024259828,0.0,1.0,0.0,-0.21629095024259828,0.0,0.97632895319311,0.15128173283304674,0.0,0.5573161271973123,0
0.9749073110955488,0.0,0.22261117396134192,0.0,1.0,0.0,-0.22261117396134192,0.0,0.9749073110955488,0.15594868525464128,0.0,0.558507364812754,0
0.9734235673232156,0.0,0.22901213631540432,0.0,1.0,0.0,-0.22901213631540432,0.0,0.9734235673232156,0.16069008633737014,0.0,0.5596847093580792,0
0.9718761958499067,0.0,0.23549237766924397,0.0,1.0,0.0,-0.23549237766924397,0.0,0.9718761958499067,0.16550548410653063,0.0,0.560846657213933,0
0.9702636811741003,0.0,0.24205038523927963,0.0,1.0,0.0,-0.24205038523927963,0.0,0.9702636811741003,0.17039438782476388,0.0,0.5619916937960984,0
0.9685845202747705,0.0,0.2486845935800864,0.0,1.0,0.0,-0.2486845935800864,0.0,0.9685845202747705,0.1753562676540722,0.0,0.5631182950153146,0
0.9668372245823836,0.0,0.2553933851176133,0.0,1.0,0.0,-0.2553933851176133,0.0,0.9668372245823836,0.18039055434386436,0.0,0.5642249287630237,0
0.9650203219623329,0.0,0.26217509073082323,0.0,1.0,0.0,-0.26217509073082323,0.0,0.9650203219623329,0.18549663894688304,0.0,0.5653100564216984,0
0.9631323587080038,0.0,0.26902799038307723,0.0,1.0,0.0,-0.26902799038307723,0.0,0.9631323587080038,0.19067387256483742,0.0,0.5663721343983411,0
0.9611719015406168,0.0,0.2759503138044867,0.0,1.0,0.0,-0.2759503138044867,0.0,0.9611719015406168,0.19592156612551428,0.0,0.5674096156796729,0
0.9591375396129418,0.0,0.2829402412263631,0.0,1.0,0.0,-0.2829402412263631,0.0,0.9591375396129418,0.2012389901930977,0.0,0.5684209514074715,0
0.9570278865139326,0.0,0.28999590416879256,0.0,1.0,0.0,-0.28999590416879256,0.0,0.9570278865139326,0.20662537481337281,0.0,0.5694045924724478,0
0.9548415822712929,0.0,0.2971153862822552,0.0,1.0,0.0,-0.2971153862822552,0.0,0.9548415822712929,0.21207990939543278,0.0,0.5703589911249927,0
0.9525772953489453,0.0,0.30429672424409737,0.0,1.0,0.0,-0.30429672424409737,0.0,0.9525772953489453,0.2176017426314455,0.0,0.5712826026010591,0
0.9502337246363429,0.0,0.3115379087105497,0.0,1.0,0.0,-0.3115379087105497,0.0,0.9502337246363429,0.22318998245597346,0.0,0.5721738867613877,0
0.9478096014265408,0.0,0.31883688532486604,0.0,1.0,0.0,-0.31883688532486604,0.0,0.9478096014265408,0.22884369604626623,0.0,0.5730313097422255,0
0.9453036913799177,0.0,0.3261915557820302,0.0,1.0,0.0,-0.3261915557820302,0.0,0.9453036913799177,0.23456190986487283,0.0,0.5738533456156306,0
0.942714796470425,0.0,0.33359977895035414,0.0,1.0,0.0,-0.33359977895035414,0.0,0.942714796470425,0.2403436097458412,0.0,0.5746384780574011,0
0.9400417569112292,0.0,0.3410593720501603,0.0,1.0,0.0,-0.3410593720501603,0.0,0.9400417569112292,0.24618774102569138,0.0,0.5753852020206184,0
0.9372834530566062,0.0,0.34856811188960585,0.0,1.0,0.0,-0.34856811188960585,0.0,0.9372834530566062,0.25209320872025925,0.0,0.5760920254127435,0
0.9344388072769515,0.0,0.3561237361575725,0.0,1.0,0.0,-0.3561237361575725,0.0,0.9344388072769515,0.2580588777484206,0.0,0.5767574707741611,0
0.9315067858037703,0.0,0.3637239447734074,0.0,1.0,0.0,-0.3637239447734074,0.0,0.9315067858037703,0.26408357320361,0.0,0.5773800769560228,0
0.9284864005415312,0.0,0.37136640129315857,0.0,1.0,0.0,-0.37136640129315857,0.0,0.9284864005415312,0.2701660806739508,0.0,0.5779584007952054,0
0.9253767108432804,0.0,0.37904873437181097,0.0,1.0,0.0,-0.37904873437181097,0.0,0.9253767108432804,0.2763051466117177,0.0,0.5784910187841594,0
0.9221768252469442,0.0,0.38676853928088173,0.0,1.0,0.0,-0.38676853928088173,0.0,0.9221768252469442,0.2824994787527405,0.0,0.5789765287333981,0
0.9188859031692727,0.0,0.39452337948059574,0.0,1.0,0.0,-0.39452337948059574,0.0,0.9188859031692727,0.2887477465862652,0.0,0.5794135514243441,0
0.9155031565544242,0.0,0.40231078824571115,0.0,1.0,0.0,-0.40231078824571115,0.0,0.9155031565544242,0.2950485818756655,0.0,0.5798007322502334,0
0.9120278514742275,0.0,0.4101282703439309,0.0,1.0,0.0,-0.4101282703439309,0.0,0.9120278514742275,0.3014005792303025,0.0,0.5801367428427524,0
0.9084593096772147,0.0,0.4179733037656814,0.0,1.0,0.0,-0.4179733037656814,0.0,0.9084593096772147,0.3078022967287041,0.0,0.5804202826820721,0
0.9047969100835751,0.0,0.4258433415039091,0.0,1.0,0.0,-0.4258433415039091,0.0,0.9047969100835751,0.3142522565931332,0.0,0.5806500806879378,0
0.9010400902232445,0.0,0.43373581338239453,0.0,1.0,0.0,-0.43373581338239453,0.0,0.9010400902232445,0.32074894591549147,0.0,0.5808248967894576,0
0.8971883476144167,0.0,0.44164812793094976,0.0,1.0,0.0,-0.44164812793094976,0.0,0.8971883476144167,0.32729081743438865,0.0,0.5809435234712466,0
0.8932412410798407,0.0,0.4495776743057265,0.0,1.0,0.0,-0.4495776743057265,0.0,0.8932412410798407,0.33387629036309757,0.0,0.5810047872935771,0
0.8891983919983539,0.0,0.4575218242527253,0.0,1.0,0.0,-0.4575218242527253,0.0,0.8891983919983539,0.3405037512679861,0.0,0.5810075503842043,0
0.8850594854891897,0.0,0.4654779341124677,0.0,1.0,0.0,-0.4654779341124677,0.0,0.8850594854891897,0.3471715549969084,0.0,0.580950711899546,0
0.8808242715266963,0.0,0.473443346863661,0.0,1.0,0.0,-0.473443346863661,0.0,0.8808242715266963,0.35387802565691545,0.0,0.5808332094529218,0
0.8764925659832087,0.0,0.48141539420356155,0.0,1.0,0.0,-0.48141539420356155,0.0,0.8764925659832087,0.3606214576405266,0.0,0.5806540205075778,0
0.8720642515979202,0.0,0.48939139866262393,0.0,1.0,0.0,-0.48939139866262393,0.0,0.8720642515979202,0.36740011669969025,0.0,0.5804121637322577,0
0.8675392788697207,0.0,0.49736867575090116,0.0,1.0,0.0,-0.49736867575090116,0.0,0.8675392788697207,0.3742122410664412,0.0,0.5801067003171191,0
0.8629176668720839,0.0,0.5053445361335563,0.0,1.0,0.0,-0.5053445361335563,0.0,0.8629176668720839,0.38105604261915277,0.0,0.5797367352478309,0
0.8581995039882175,0.0,0.5133162878327331,0.0,1.0,0.0,-0.5133162878327331,0.0,0.8581995039882175,0.3879297080931622,0.0,0.5793014185357415,0
0.8533849485648148,0.0,0.5212812384529375,0.0,1.0,0.0,-0.5212812384529375,0.0,0.8533849485648148,0.39483140033444614,0.0,0.5787999464020562,0
0.8484742294828881,0.0,0.5292366974269824,0.0,1.0,0.0,-0.5292366974269824,0.0,0.8484742294828881,0.4017592595949012,0.0,0.5782315624140199,0
0.8434676466443009,0.0,0.5371799782794634,0.0,1.0,0.0,-0.5371799782794634,0.0,0.8434676466443009,0.408711404867693,0.0,0.5775955585711682,0
0.8383655713727629,0.0,0.5451084009046464,0.0,1.0,0.0,-0.5451084009046464,0.0,0.8383655713727629,0.41568593526102077,0.0,0.5768912763397736,0
0.8331684467281978,0.0,0.553019293855578,0.0,1.0,0.0,-0.553019293855578,0.0,0.8331684467281978,0.42268093140855373,0.0,0.5761181076336885,0
0.8278767877335489,0.0,0.5609099966411549,0.0,1.0,0.0,-0.5609099966411549,0.0,0.8278767877335489,0.42969445691469244,0.0,0.5752754957398659,0
0.8224911815132413,0.0,0.5687778620278328,0.0,1.0,0.0,-0.5687778620278328,0.0,0.8224911815132413,0.4367245598327203,0.0,0.5743629361869158,0
0.8170122873426786,0.0,0.5766202583425979,0.0,1.0,0.0,-0.5766202583425979,0.0,0.8170122873426786,0.443769274173817,0.0,0.5733799775551514,0
0.8114408366083109,0.0,0.5844345717737826,0.0,1.0,0.0,-0.5844345717737826,0.0,0.8114408366083109,0.450826621444826,0.0,0.5723262222266575,0
0.805777632677978,0.0,0.5922182086662597,0.0,1.0,0.0,-0.5922182086662597,0.0,0.805777632677978,0.45789461221257954,0.0,0.571201327074023,0
0.800023550681389,0.0,0.5999685978075379,0.0,1.0,0.0,-0.5999685978075379,0.0,0.800023550681389,0.4649712476925251,0.0,0.5700050040864642,0
0.7941795372007739,0.0,0.6076831927012335,0.0,1.0,0.0,-0.6076831927012335,0.0,0.7941795372007739,0.4720545213593059,0.0,0.568737020932179,0
0.7882466098719026,0.0,0.6153594738244083,0.0,1.0,0.0,-0.6153594738244083,0.0,0.7882466098719026,0.4791424205769033,0.0,0.5673972014558732,0
0.7822258568958352,0.0,0.6229949508652348,0.0,1.0,0.0,-0.6229949508652348,0.0,0.7822258568958352,0.4862329282458737,0.0,0.5659854261105075,0
0.7761184364619372,0.0,0.6305871649374715,0.0,1.0,0.0,-0.6305871649374715,0.0,0.7761184364619372,0.4933240244651711,0.0,0.56450163232243,0
0.7699255760828553,0.0,0.6381336907682303,0.0,1.0,0.0,-0.6381336907682303,0.0,0.7699255760828553,0.5004136882059889,0.0,0.5629458147891693,0
0.7636485718423185,0.0,0.6456321388555463,0.0,1.0,0.0,-0.6456321388555463,0.0,0.7636485718423185,0.5074998989950169,0.0,0.5613180257092828,0
0.7572887875567894,0.0,0.6530801575922882,0.0,1.0,0.0,-0.6530801575922882,0.0,0.7572887875567894,0.5145806386044746,0.0,0.5596183749437702,0
0.7508476538521555,0.0,0.6604754353529839,0.0,1.0,0.0,-0.6604754353529839,0.0,0.7508476538521555,0.5216538927462494,0.0,0.557847030108685,0
0.7443266671568114,0.0,0.6678157025401794,0.0,1.0,0.0,-0.6678157025401794,0.0,0.7443266671568114,0.528717652767445,0.0,0.556004216598698,0
0.7377273886126331,0.0,0.6750987335870102,0.0,1.0,0.0,-0.6750987335870102,0.0,0.7377273886126331,0.5357699173446306,0.0,0.5540902175414852,0
0.7310514429055084,0.0,0.6823223489127219,0.0,1.0,0.0,-0.6823223489127219,0.0,0.7310514429055084,0.5428086941740692,0.0,0.5521053736829429,0
0.7243005170172285,0.0,0.6894844168279479,0.0,1.0,0.0,-0.6894844168279479,0.0,0.7243005170172285,0.5498320016552009,0.0,0.5500500832033463,0
0.7174763589007024,0.0,0.6965828553866299,0.0,1.0,0.0,-0.6965828553866299,0.0,0.7174763589007024,0.5568378705646553,0.0,0.5479248014647029,0
0.7105807760805843,0.0,0.7036156341815569,0.0,1.0,0.0,-0.7036156341815569,0.0,0.7105807760805843,0.5638243457180843,0.0,0.5457300406896626,0
0.7036156341815571,0.0,0.710580776080584,0.0,1.0,0.0,-0.710580776080584,0.0,0.7036156341815571,0.5707894876171113,0.0,0.5434663695724786,0
0.6965828553866299,0.0,0.7174763589007023,0.0,1.0,0.0,-0.7174763589007023,0.0,0.6965828553866299,0.5777313740787277,0.0,0.5411344128226293,0
0.6894844168279479,0.0,0.7243005170172285,0.0,1.0,0.0,-0.7243005170172285,0.0,0.6894844168279479,0.5846481018444816,0.0,0.5387348506418301,0
0.6823223489127214,0.0,0.7310514429055088,0.0,1.0,0.0,-0.7310514429055088,0.0,0.6823223489127214,0.5915377881668561,0.0,0.536268418135287,0
0.6750987335870104,0.0,0.7377273886126329,0.0,1.0,0.0,-0.7377273886126329,0.0,0.6750987335870104,0.5983985723702533,0.0,0.5337359046581579,0
0.6678157025401794,0.0,0.7443266671568113,0.0,1.0,0.0,-0.7443266671568113,0.0,0.6678157025401794,0.605228617384077,0.0,0.5311381530982926,0
0.6604754353529843,0.0,0.7508476538521552,0.0,1.0,0.0,-0.7508476538521552,0.0,0.6604754353529843,0.6120261112454206,0.0,0.5284760590964543,0
0.6530801575922884,0.0,0.7572887875567892,0.0,1.0,0.0,-0.7572887875567892,0.0,0.6530801575922884,0.6187892685689755,0.0,0.5257505702053074,0
0.6456321388555464,0.0,0.7636485718423184,0.0,1.0,0.0,-0.7636485718423184,0.0,0.6456321388555464,0.6255163319817891,0.0,0.5229626849885818,0
0.6381336907682305,0.0,0.7699255760828553,0.0,1.0,0.0,-0.7699255760828553,0.0,0.6381336907682305,0.6322055735206139,0.0,0.5201134520619163,0
0.6305871649374715,0.0,0.7761184364619372,0.0,1.0,0.0,-0.7761184364619372,0.0,0.6305871649374715,0.6388552959896369,0.0,0.5172039690769785,0
0.622994950865235,0.0,0.782225856895835,0.0,1.0,0.0,-0.782225856895835,0.0,0.622994950865235,0.6454638342764738,0.0,0.5142353816505625,0
0.6153594738244084,0.0,0.7882466098719025,0.0,1.0,0.0,-0.7882466098719025,0.0,0.6153594738244084,0.6520295566243977,0.0,0.5112088822404376,0
0.6076831927012338,0.0,0.7941795372007737,0.0,1.0,0.0,-0.7941795372007737,0.0,0.6076831927012338,0.6585508658588463,0.0,0.5081257089698284,0
0.5999685978075381,0.0,0.8000235506813888,0.0,1.0,0.0,-0.8000235506813888,0.0,0.5999685978075381,0.665026200566376,0.0,0.5049871444024626,0
0.5922182086662596,0.0,0.8057776326779781,0.0,1.0,0.0,-0.8057776326779781,0.0,0.5922182086662596,0.6714540362242979,0.0,0.5017945142702146,0
0.584434571773782,0.0,0.8114408366083112,0.0,1.0,0.0,-0.8114408366083112,0.0,0.584434571773782,0.6778328862793548,0.0,0.4985491861554355,0
0.5766202583425982,0.0,0.8170122873426784,0.0,1.0,0.0,-0.8170122873426784,0.0,0.5766202583425982,0.6841613031738976,0.0,0.4952525681301252,0
0.568777862027833,0.0,0.8224911815132412,0.0,1.0,0.0,-0.8224911815132412,0.0,0.568777862027833,0.6904378793181286,0.0,0.49190610735415813,0
0.5609099966411549,0.0,0.8278767877335489,0.0,1.0,0.0,-0.8278767877335489,0.0,0.5609099966411549,0.6966612480070864,0.0,0.4885112886348378,0
0.5530192938555782,0.0,0.8331684467281977,0.0,1.0,0.0,-0.8331684467281977,0.0,0.5530192938555782,0.7028300842811734,0.0,0.48506963295008715,0
0.5451084009046466,0.0,0.8383655713727628,0.0,1.0,0.0,-0.8383655713727628,0.0,0.5451084009046466,0.7089431057291371,0.0,0.48158269593763575,0
0.5371799782794637,0.0,0.8434676466443007,0.0,1.0,0.0,-0.8434676466443007,0.0,0.5371799782794637,0.7149990732325303,0.0,0.4780520663525961,0
0.5292366974269828,0.0,0.8484742294828879,0.0,1.0,0.0,-0.8484742294828879,0.0,0.5292366974269828,0.7209967916508065,0.0,0.4744793644958506,0
0.5212812384529377,0.0,0.8533849485648147,0.0,1.0,0.0,-0.8533849485648147,0.0,0.5212812384529377,0.7269351104463233,0.0,0.4708662406156961,0
0.5133162878327338,0.0,0.8581995039882172,0.0,1.0,0.0,-0.8581995039882172,0.0,0.5133162878327338,0.7328129242486463,0.0,0.4672143732852093,0
0.505344536133556,0.0,0.862917666872084,0.0,1.0,0.0,-0.862917666872084,0.0,0.505344536133556,0.7386291733576804,0.0,0.4635254677578091,0
0.4973686757509008,0.0,0.8675392788697208,0.0,1.0,0.0,-0.8675392788697208,0.0,0.4973686757509008,0.7443828441852609,0.0,0.4598012543035025,0
0.48939139866262393,0.0,0.8720642515979202,0.0,1.0,0.0,-0.8720642515979202,0.0,0.48939139866262393,0.7500729696349867,0.0,0.45604348652828636,0
0.4814153942035617,0.0,0.8764925659832086,0.0,1.0,0.0,-0.8764925659832086,0.0,0.4814153942035617,0.7556986294201736,0.0,0.4522539396791924,0
0.47344334686366074,0.0,0.8808242715266964,0.0,1.0,0.0,-0.8808242715266964,0.0,0.47344334686366074,0.7612589503199509,0.0,0.4484344089374352,0
0.4654779341124674,0.0,0.8850594854891899,0.0,1.0,0.0,-0.8850594854891899,0.0,0.4654779341124674,0.7667531063736306,0.0,0.4445867077021112,0
0.45752182425272536,0.0,0.8891983919983539,0.0,1.0,0.0,-0.8891983919983539,0.0,0.45752182425272536,0.7721803190136147,0.0,0.44071266586687485,0
0.4495776743057259,0.0,0.893241241079841,0.0,1.0,0.0,-0.893241241079841,0.0,0.4495776743057259,0.7775398571372121,0.0,0.43681412809198966,0
0.4416481279309502,0.0,0.8971883476144165,0.0,1.0,0.0,-0.8971883476144165,0.0,0.4416481279309502,0.7828310371178554,0.0,0.43289295207411993,0
0.4337358133823952,0.0,0.9010400902232443,0.0,1.0,0.0,-0.9010400902232443,0.0,0.4337358133823952,0.788053222756341,0.0,0.42895100681618165,0
0.4258433415039087,0.0,0.9047969100835752,0.0,1.0,0.0,-0.9047969100835752,0.0,0.4258433415039087,0.7932058251727994,0.0,0.424990170899546,0
0.4179733037656814,0.0,0.9084593096772147,0.0,1.0,0.0,-0.9084593096772147,0.0,0.4179733037656814,0.7982883026402374,0.0,0.4210123307608238,0
0.4101282703439306,0.0,0.9120278514742276,0.0,1.0,0.0,-0.9120278514742276,0.0,0.4101282703439306,0.8033001603605991,0.0,0.4170193789754058,0
0.40231078824571165,0.0,0.915503156554424,0.0,1.0,0.0,-0.915503156554424,0.0,0.40231078824571165,0.8082409501843785,0.0,0.413013212549902,0
0.3945233794805958,0.0,0.9188859031692727,0.0,1.0,0.0,-0.9188859031692727,0.0,0.3945233794805958,0.8131102702749421,0.0,0.4089957312255241,0
0.38676853928088206,0.0,0.922176825246944,0.0,1.0,0.0,-0.922176825246944,0.0,0.38676853928088206,0.8179077647188028,0.0,0.4049688357944279,0
0.3790487343718112,0.0,0.9253767108432803,0.0,1.0,0.0,-0.9253767108432803,0.0,0.3790487343718112,0.822633123083187,0.0,0.40093442643093186,0
0.37136640129315823,0.0,0.9284864005415313,0.0,1.0,0.0,-0.9284864005415313,0.0,0.37136640129315823,0.8272860799223236,0.0,0.39689440103948403,0
0.3637239447734071,0.0,0.9315067858037704,0.0,1.0,0.0,-0.9315067858037704,0.0,0.3637239447734071,0.831866414233973,0.0,0.3928506536211547,0
0.3561237361575731,0.0,0.9344388072769513,0.0,1.0,0.0,-0.9344388072769513,0.0,0.3561237361575731,0.8363739488677995,0.0,0.3888050726603631,0
0.3485681118896049,0.0,0.9372834530566065,0.0,1.0,0.0,-0.9372834530566065,0.0,0.3485681118896049,0.8408085498872602,0.0,0.3847595395334678,0
0.3410593720501608,0.0,0.9400417569112289,0.0,1.0,0.0,-0.9400417569112289,0.0,0.3410593720501608,0.84517012588676,0.0,0.38071592694077117,0
0.3335997789503544,0.0,0.9427147964704249,0.0,1.0,0.0,-0.9427147964704249,0.0,0.3335997789503544,0.8494586272659119,0.0,0.37667609736337804,0
0.3261915557820305,0.0,0.9453036913799177,0.0,1.0,0.0,-0.9453036913799177,0.0,0.3261915557820305,0.8536740454627603,0.0,0.3726419015463173,0
0.31883688532486587,0.0,0.9478096014265409,0.0,1.0,0.0,-0.9478096014265409,0.0,0.31883688532486587,0.8578164121479412,0.0,0.3686151770091811,0
0.3115379087105494,0.0,0.950233724636343,0.0,1.0,0.0,-0.950233724636343,0.0,0.3115379087105494,0.861885798381767,0.0,0.3645977465855046,0
0.30429672424409704,0.0,0.9525772953489454,0.0,1.0,0.0,-0.9525772953489454,0.0,0.30429672424409704,0.8658823137362937,0.0,0.36059141699198327,0
0.29711538628225465,0.0,0.9548415822712931,0.0,1.0,0.0,-0.9548415822712931,0.0,0.29711538628225465,0.8698061053844709,0.0,0.35659797742855504,0
0.2899959041687923,0.0,0.9570278865139327,0.0,1.0,0.0,-0.9570278865139327,0.0,0.2899959041687923,0.873657357158513,0.0,0.35261919821027704,0
0.28294024122636285,0.0,0.9591375396129418,0.0,1.0,0.0,-0.9591375396129418,0.0,0.28294024122636285,0.8774362885796766,0.0,0.34865682943183307,0
0.2759503138044863,0.0,0.961171901540617,0.0,1.0,0.0,-0.961171901540617,0.0,0.2759503138044863,0.8811431538616448,0.0,0.34471259966543033,0
0.26902799038307723,0.0,0.9631323587080038,0.0,1.0,0.0,-0.9631323587080038,0.0,0.26902799038307723,0.884778240889764,0.0,0.34078821469273984,0
0.26217509073082346,0.0,0.9650203219623328,0.0,1.0,0.0,-0.9650203219623328,0.0,0.26217509073082346,0.8883418701783926,0.0,0.33688535627145777,0
0.25539338511761245,0.0,0.9668372245823839,0.0,1.0,0.0,-0.9668372245823839,0.0,0.25539338511761245,0.891834393808635,0.0,0.33300568093697264,0
0.24868459358008643,0.0,0.9685845202747705,0.0,1.0,0.0,-0.9685845202747705,0.0,0.24868459358008643,0.8952561943487565,0.0,0.32915081883954217,0
0.24205038523927858,0.0,0.9702636811741007,0.0,1.0,0.0,-0.9702636811741007,0.0,0.24205038523927858,0.8986076837595852,0.0,0.3253223726172809,0
0.23549237766924525,0.0,0.9718761958499064,0.0,1.0,0.0,-0.9718761958499064,0.0,0.23549237766924525,0.9018893022871928,0.0,0.32152191630521826,0
0.2290121363154043,0.0,0.9734235673232156,0.0,1.0,0.0,-0.9734235673232156,0.0,0.2290121363154043,0.9051015173451814,0.0,0.3177509942805405,0
0.222611173961342,0.0,0.9749073110955487,0.0,1.0,0.0,-0.9749073110955487,0.0,0.222611173961342,0.908244822388848,0.0,0.3140111202441367,0
0.2162909502425978,0.0,0.9763289531931101,0.0,1.0,0.0,-0.9763289531931101,0.0,0.2162909502425978,0.9113197357835587,0.0,0.31030377623839556,0
0.21005287120601468,0.0,0.9776900282288398,0.0,1.0,0.0,-0.9776900282288398,0.0,0.21005287120601468,0.9143267996695764,0.0,0.30663041170121796,0
0.2038982889130435,0.0,0.9789920774849677,0.0,1.0,0.0,-0.9789920774849677,0.0,0.2038982889130435,0.917266578825639,0.0,0.30299244255606783,0
0.19782850108540107,0.0,0.9802366470186183,0.0,1.0,0.0,-0.9802366470186183,0.0,0.19782850108540107,0.9201396595335117,0.0,0.29939125033786174,0
0.1918447507913812,0.0,0.9814252857929598,0.0,1.0,0.0,-0.9814252857929598,0.0,0.1918447507913812,0.9229466484457448,0.0,0.2958281813544139,0
0.18594822617104723,0.0,0.9825595438363219,0.0,1.0,0.0,-0.9825595438363219,0.0,0.18594822617104723,0.925688171458835,0.0,0.2923045458830773,0
0.18014006019852702,0.0,0.983640970431626,0.0,1.0,0.0,-0.983640970431626,0.0,0.18014006019852702,0.9283648725939493,0.0,0.2888216174021978,0
0.17442133047955644,0.0,0.9846711123383997,0.0,1.0,0.0,-0.9846711123383997,0.0,0.17442133047955644,0.9309774128873396,0.0,0.28538063185691587,0
0.16879305908236109,0.0,0.9856515120495776,0.0,1.0,0.0,-0.9856515120495776,0.0,0.16879305908236109,0.9335264692925483,0.0,0.28198278695879647,0
0.16325621239997945,0.0,0.9865837060852023,0.0,1.0,0.0,-0.9865837060852023,0.0,0.16325621239997945,0.9360127335964535,0.0,0.278629241518742,0
0.15781170104205589,0.0,0.9874692233250679,0.0,1.0,0.0,-0.9874692233250679,0.0,0.15781170104205589,0.9384369113511637,0.0,0.2753211148125723,0
0.1524603797541506,0.0,0.9883095833822619,0.0,1.0,0.0,-0.9883095833822619,0.0,0.1524603797541506,0.9407997208237227,0.0,0.27205948597863805,0
0.14720304736255185,0.0,0.989106295019488,0.0,1.0,0.0,-0.989106295019488,0.0,0.14720304736255185,0.9431018919655496,0.0,0.2688453934467676,0
0.1420404467426215,0.0,0.9898608546099581,0.0,1.0,0.0,-0.9898608546099581,0.0,0.1420404467426215,0.9453441654034624,0.0,0.26567983439784754,0
0.1369732648086499,0.0,0.9905747446445722,0.0,1.0,0.0,-0.9905747446445722,0.0,0.1369732648086499,0.9475272914541097,0.0,0.26256376425327355,0
0.13200213252323045,0.0,0.9912494322870099,0.0,1.0,0.0,-0.9912494322870099,0.0,0.13200213252323045,0.9496520291635538,0.0,0.25949809619350583,0
0.12712762492416108,0.0,0.991886367978279,0.0,1.0,0.0,-0.991886367978279,0.0,0.12712762492416108,0.9517191453737055,0.0,0.2564837007049257,0
0.12235026116689218,0.0,0.9924869840921811,0.0,1.0,0.0,-0.9924869840921811,0.0,0.12235026116689218,0.953729413817244,0.0,0.253521405154177,0
0.11767050458057249,0.0,0.9930526936430683,0.0,1.0,0.0,-0.9930526936430683,0.0,0.11767050458057249,0.9556836142425895,0.0,0.2506119933891647,0
0.11308876273572221,0.0,0.9935848890471833,0.0,1.0,0.0,-0.9935848890471833,0.0,0.11308876273572221,0.9575825315704527,0.0,0.24775620536584025,0
0.10860538752168403,0.0,0.9940849409387835,0.0,1.0,0.0,-0.9940849409387835,0.0,0.10860538752168403,0.9594269550833757,0.0,0.24495473679995494,0
0.1042206752319117,0.0,0.9945541970421745,0.0,1.0,0.0,-0.9945541970421745,0.0,0.1042206752319117,0.9612176776496706,0.0,0.24220823884287523,0
0.09993486665534212,0.0,0.9949939811006793,0.0,1.0,0.0,-0.9949939811006793,0.0,0.09993486665534212,0.962955494983022,0.0,0.23951731778064334,0
0.09574814717197622,0.0,0.9954055918635044,0.0,1.0,0.0,-0.9954055918635044,0.0,0.09574814717197622,0.9646412049390298,0.0,0.2368825347553668,0
0.09166064685099395,0.0,0.9957903021313561,0.0,1.0,0.0,-0.9957903021313561,0.0,0.09166064685099395,0.966275606849813,0.0,0.23430440550811604,0
0.08767244054968182,0.0,0.9961493578615922,0.0,1.0,0.0,-0.9961493578615922,0.0,0.08767244054968182,0.9678595008977872,0.0,0.2317834001424514,0
0.08378354801155485,0.0,0.9964839773336024,0.0,1.0,0.0,-0.9964839773336024,0.0,0.08378354801155485,0.969393687529612,0.0,0.22931994290774577,0
0.07999393396208598,0.0,0.9967953503750253,0.0,1.0,0.0,-0.9967953503750253,0.0,0.07999393396208598,0.9708789669112504,0.0,0.2269144120014529,0
0.07630350820054566,0.0,0.9970846376493268,0.0,1.0,0.0,-0.9970846376493268,0.0,0.07630350820054566,0.9723161384249949,0.0,0.22456713938950906,0
0.07271212568650898,0.0,0.9973529700051779,0.0,1.0,0.0,-0.9973529700051779,0.0,0.07271212568650898,0.9737060002092337,0.0,0.22227841064405962,0
0.06921958661964212,0.0,0.9976014478879859,0.0,1.0,0.0,-0.9976014478879859,0.0,0.06921958661964212,0.9750493487416615,0.0,0.220048464797708,0
0.06582563651151363,0.0,0.9978311408138424,0.0,1.0,0.0,-0.9978311408138424,0.0,0.06582563651151363,0.9763469784665348,0.0,0.2178774942135494,0
0.06252996624812412,0.0,0.9980430869060757,0.0,1.0,0.0,-0.9980430869060757,0.0,0.06252996624812412,0.9775996814665334,0.0,0.2157656444701826,0
0.059332212142110374,0.0,0.9982382924944944,0.0,1.0,0.0,-0.9982382924944944,0.0,0.059332212142110374,0.9788082471796402,0.0,0.21371301426103978,0
0.05623195597346753,0.0,0.9984177317773347,0.0,1.0,0.0,-0.9984177317773347,0.0,0.05623195597346753,0.979973462161439,0.0,0.2117196553072726,0
0.053228725017853695,0.0,0.9985823465458288,0.0,1.0,0.0,-0.9985823465458288,0.0,0.053228725017853695,0.9810961098930859,0.0,0.20978557228354516,0
0.050321992061555854,0.0,0.9987330459712228,0.0,1.0,0.0,-0.9987330459712228,0.0,0.050321992061555854,0.9821769706351601,0.0,0.20791072275606826,0
0.0475111754022961,0.0,0.9988707064539896,0.0,1.0,0.0,-0.9988707064539896,0.0,0.0475111754022961,0.9832168213274931,0.0,0.20609501713224254,0
0.04479563883514259,0.0,0.9989961715348821,0.0,1.0,0.0,-0.9989961715348821,0.0,0.04479563883514259,0.9842164355349987,0.0,0.20433831862130447,0
0.042174691622873794,0.0,0.999110251867388,0.0,1.0,0.0,-0.999110251867388,0.0,0.042174691622873794,0.9851765834394247,0.0,0.2026404432053971,0
0.039647588450227755,0.0,0.9992137252510502,0.0,1.0,0.0,-0.9992137252510502,0.0,0.039647588450227755,0.9860980318768688,0.0,0.20100115962050524,0
0.03721352936154132,0.0,0.9993073367250226,0.0,1.0,0.0,-0.9993073367250226,0.0,0.03721352936154132,0.9869815444208074,0.0,0.19942018934671607,0
0.034871659681418365,0.0,0.9993917987211338,0.0,1.0,0.0,-0.9993917987211338,0.0,0.034871659681418365,0.9878278815102725,0.0,0.19789720660732218,0
0.032621069918037815,0.0,0.9994677912756381,0.0,1.0,0.0,-0.9994677912756381,0.0,0.032621069918037815,0.9886378006227723,0.0,0.1964318383762278,0
0.0304607956489632,0.0,0.999535962298722,0.0,1.0,0.0,-0.999535962298722,0.0,0.0304607956489632,0.9894120564913782,0.0,0.19502366439325663,0
0.028389817389200656,0.0,0.9995969279007453,0.0,1.0,0.0,-0.9995969279007453,0.0,0.028389817389200656,0.9901514013653885,0.0,0.19367221718684696,0
0.02640706044150931,0.0,0.9996512727740802,0.0,1.0,0.0,-0.9996512727740802,0.0,0.02640706044150931,0.9908565853138189,0.0,0.19237698210375176,0
0.024511394728920388,0.0,0.9996995506293094,0.0,1.0,0.0,-0.9996995506293094,0.0,0.024511394728920388,0.9915283565709069,0.0,0.19113739734530155,0
0.022701634609559096,0.0,0.999742284684435,0.0,1.0,0.0,-0.999742284684435,0.0,0.022701634609559096,0.992167461922712,0.0,0.1899528540098297,0
0.020976538673918355,0.0,0.9997799682056355,0.0,1.0,0.0,-0.9997799682056355,0.0,0.020976538673918355,0.9927746471337863,0.0,0.18882269614087283,0
0.019334809524780727,0.0,0.9998130650979914,0.0,1.0,0.0,-0.9998130650979914,0.0,0.019334809524780727,0.9933506574128057,0.0,0.18774622078073921,0
0.0177750935401102,0.0,0.9998420105444862,0.0,1.0,0.0,-0.9998420105444862,0.0,0.0177750935401102,0.9938962379159348,0.0,0.18672267802908699,0
0.016295980619231543,0.0,0.9998672116914614,0.0,1.0,0.0,-0.9998672116914614,0.0,0.016295980619231543,0.9944121342866025,0.0,0.18575127110610895,0
0.01489600391267687,0.0,0.9998890483785856,0.0,1.0,0.0,-0.9998890483785856,0.0,0.01489600391267687,0.9948990932302847,0.0,0.18483115641992104,0
0.013573639536244908,0.0,0.9999078739112619,0.0,1.0,0.0,-0.9999078739112619,0.0,0.013573639536244908,0.9953578631227282,0.0,0.18396144363781308,0
0.012327306269660943,0.0,0.9999240158732733,0.0,1.0,0.0,-0.9999240158732733,0.0,0.012327306269660943,0.9957891946500332,0.0,0.1831411957608799,0
0.011155365240522075,0.0,0.999937776977323,0.0,1.0,0.0,-0.999937776977323,0.0,0.011155365240522075,0.9961938414788002,0.0,0.18236942920169236,0
0.010056119593995994,0.0,0.9999494359509941,0.0,1.0,0.0,-0.9999494359509941,0.0,0.010056119593995994,0.9965725609545599,0.0,0.18164511386448262,0
0.009027814149025537,0.0,0.9999592484555011,0.0,1.0,0.0,-0.9999592484555011,0.0,0.009027814149025537,0.9969261148264734,0.0,0.1809671732274607,0
0.008068635041601602,0.0,0.9999674480344675,0.0,1.0,0.0,-0.9999674480344675,0.0,0.008068635041601602,0.9972552699962941,0.0,0.18033448442669364,0
0.00717670935589243,0.0,0.9999742470898043,0.0,1.0,0.0,-0.9999742470898043,0.0,0.00717670935589243,0.9975607992893816,0.0,0.1797458783410874,0
0.006350104743827689,0.0,0.9999798378816157,0.0,1.0,0.0,-0.9999798378816157,0.0,0.006350104743827689,0.9978434822455284,0.0,0.1792001396778311,0
0.005586829034012197,0.0,0.9999843935488917,0.0,1.0,0.0,-0.9999843935488917,0.0,0.005586829034012197,0.9981041059271615,0.0,0.17869600705778388,0
